<svg version="1.1" id="Layer_1" xmlns="http://www.w3.org/2000/svg" xmlns:xlink="http://www.w3.org/1999/xlink" x="0px" y="0px"
	 width="100%" viewBox="0 0 1080 1080" enable-background="new 0 0 1080 1080" xml:space="preserve">
<path fill="#000000" opacity="1.000000" stroke="none" 
	d="
M600.000000,1081.000000 
	C400.023010,1081.000000 200.546036,1081.000000 1.034532,1081.000000 
	C1.034532,721.064575 1.034532,361.129120 1.034532,1.096845 
	C360.893860,1.096845 720.787720,1.096845 1080.840820,1.096845 
	C1080.840820,360.999939 1080.840820,720.999939 1080.840820,1081.000000 
	C920.795349,1081.000000 760.647644,1081.000000 600.000000,1081.000000 
M860.032288,491.071838 
	C860.032288,488.208588 860.032288,485.345337 860.032288,482.354248 
	C856.222046,482.187592 853.158508,482.053589 850.007324,481.019562 
	C850.007324,478.222961 850.007324,475.426361 850.007324,472.439392 
	C823.722717,472.439392 797.838013,472.439392 771.271606,472.439392 
	C771.271606,491.520355 771.271606,510.331573 771.271606,530.096252 
	C744.527710,509.221832 718.676941,489.044525 691.969238,468.198395 
	C691.969238,477.030853 691.969238,484.507965 691.247498,492.053772 
	C690.523621,492.032196 689.799805,492.010620 688.946411,491.087311 
	C688.946411,488.231934 688.946411,485.376526 688.946411,481.973145 
	C685.134399,481.973145 682.082031,481.973145 678.907532,481.074493 
	C678.907532,478.164978 678.907532,475.255432 678.907532,472.070892 
	C651.130127,472.070892 624.159241,472.070892 596.473816,472.025604 
	C595.996704,472.012299 595.519531,471.998993 594.100464,472.023499 
	C528.444092,472.023499 462.787689,472.023499 396.441467,472.023499 
	C397.691925,474.299347 398.504486,475.878052 399.405914,477.404297 
	C428.894409,527.331909 458.391876,577.254211 487.886444,627.178284 
	C490.083984,630.897949 492.320679,634.595825 494.440186,638.359558 
	C495.498688,640.239075 496.445068,641.019165 498.448212,638.962097 
	C500.389709,642.142822 502.248016,645.380493 504.349731,648.451660 
	C504.725739,649.001099 506.108368,648.861755 507.736176,649.012878 
	C510.383636,652.647400 513.031128,656.281860 515.960327,660.303162 
	C517.151855,658.577637 518.160889,657.294800 518.981995,655.901306 
	C541.353210,617.933044 563.666138,579.930359 586.104004,542.001648 
	C589.343079,536.526367 593.167603,531.397522 596.802856,527.028625 
	C596.802856,561.280823 596.802856,595.532959 596.802856,630.184509 
	C600.569031,630.184509 603.711914,630.184509 606.834656,631.079956 
	C606.834656,633.963928 606.834656,636.847839 606.834656,639.756592 
	C610.742981,639.963623 613.848145,640.128113 616.917725,641.172119 
	C616.917725,643.938599 616.917725,646.705078 616.917725,649.534546 
	C644.618042,649.534546 671.616028,649.534546 699.059448,649.534546 
	C699.059448,642.760376 699.059448,636.448608 699.767029,630.012268 
	C700.483643,630.040955 701.200256,630.069641 702.074097,630.987366 
	C702.074097,633.859497 702.074097,636.731628 702.074097,640.151367 
	C705.848022,640.151367 708.912659,640.151367 712.047363,641.044189 
	C712.047363,643.938171 712.047363,646.832153 712.047363,649.643921 
	C765.197449,649.643921 817.343262,649.643921 870.100525,649.643921 
	C870.100525,630.703857 870.100525,612.115662 870.710754,593.905640 
	C876.949219,604.671204 885.982239,612.881287 895.292908,621.489258 
	C898.638184,624.556702 901.983459,627.624146 905.291809,631.392761 
	C906.824585,632.897644 908.209534,634.599365 909.912170,635.878052 
	C937.570801,656.650330 967.246521,659.706482 998.610168,645.424805 
	C1006.720459,641.731689 1014.002991,636.550354 1020.515137,629.281372 
	C1016.856873,626.300293 1013.587463,623.636108 1010.259888,620.247009 
	C1007.172607,617.164673 1004.085327,614.082336 1000.774963,610.363281 
	C999.358276,608.751831 998.013733,607.069458 996.513367,605.540100 
	C984.900513,593.702942 973.257507,581.895325 962.329224,569.932556 
	C981.436462,550.546936 1000.543701,531.161377 1020.099182,511.321014 
	C1016.530823,508.837677 1013.041748,506.409576 1009.643555,503.203400 
	C1006.275635,500.132812 1002.907715,497.062225 999.825989,493.306732 
	C999.245117,492.247803 998.883118,490.960754 998.051575,490.162994 
	C970.514893,463.745453 925.388855,460.725464 894.288879,482.878967 
	C883.946045,490.246399 876.172852,499.789764 868.547546,509.380829 
	C868.519409,508.315735 868.348145,507.231445 868.487793,506.188812 
	C869.097534,501.637482 869.797546,497.098236 870.549744,491.976013 
	C866.105469,491.976013 863.123962,491.976013 860.032288,491.071838 
M73.804390,640.243530 
	C73.804390,640.243530 73.839424,640.346924 73.841339,641.221069 
	C73.841339,643.990417 73.841339,646.759766 73.841339,649.724243 
	C75.899178,649.884460 77.194664,650.072815 78.490196,650.073120 
	C103.817268,650.078796 129.145203,650.188110 154.471130,650.011108 
	C174.692062,649.869873 192.010971,642.314148 206.819016,628.680359 
	C208.051865,627.545349 209.764877,626.931763 210.978058,626.861267 
	C210.549332,627.685486 210.120605,628.509705 209.253006,630.177612 
	C214.981964,630.177612 219.907715,630.177612 224.566559,630.776794 
	C222.978363,633.578064 221.390152,636.379333 219.226730,640.195129 
	C225.116669,640.195129 229.972473,640.195129 234.557495,640.789062 
	C232.977707,643.591492 231.397903,646.393921 229.582275,649.614746 
	C296.211212,649.614746 361.844330,649.614746 428.224884,649.614746 
	C394.930389,593.194214 361.997894,537.387085 328.786285,481.107025 
	C327.981842,482.476990 327.490784,483.313324 326.391785,483.795105 
	C323.999481,479.876434 321.607178,475.957794 318.951263,471.607361 
	C318.073425,472.776978 317.526428,473.505737 316.342529,473.922485 
	C313.891235,469.841187 311.439941,465.759888 308.764709,461.305725 
	C307.322357,463.691071 306.200348,465.510834 305.112610,467.350800 
	C279.876129,510.040314 254.643387,552.731995 228.717178,595.055969 
	C228.884811,593.304382 228.852341,591.505920 229.250351,589.808350 
	C234.491989,567.452698 230.589066,546.686951 218.142746,527.559875 
	C215.784210,523.935303 212.270935,521.062195 208.790298,517.385925 
	C205.486908,513.984619 202.183533,510.583282 198.543243,506.603241 
	C197.424774,505.370697 196.259033,504.177521 195.194885,502.899719 
	C177.402359,481.534363 154.617447,471.563141 126.827217,472.074249 
	C104.356956,472.487549 81.873039,472.158051 59.395184,472.158051 
	C57.623009,472.158051 55.850838,472.158081 54.063286,472.158081 
	C54.063286,525.146545 54.063286,577.522522 54.063286,630.391357 
	C57.456985,630.391357 60.588734,630.391357 63.714352,631.262390 
	C63.714352,634.123596 63.714352,636.984802 63.714352,640.156372 
	C67.705086,640.156372 70.787643,640.156372 73.804390,640.243530 
z"/>
<path fill="#F4F4DB" opacity="1.000000" stroke="none" 
	d="
M701.916870,630.098328 
	C701.200256,630.069641 700.483643,630.040955 698.968323,630.007629 
	C696.256165,630.002991 694.342712,630.002991 692.146973,630.002991 
	C692.146973,615.647400 692.164124,602.014099 692.143555,588.380798 
	C692.095093,556.248901 692.028503,524.117004 691.969238,491.985077 
	C691.969238,484.507965 691.969238,477.030853 691.969238,468.198395 
	C718.676941,489.044525 744.527710,509.221832 771.271606,530.096252 
	C771.271606,510.331573 771.271606,491.520355 771.271606,472.439392 
	C797.838013,472.439392 823.722717,472.439392 850.007324,472.439392 
	C850.007324,475.426361 850.007324,478.222961 849.992798,481.924164 
	C850.029602,485.866150 850.080872,488.903534 850.079102,492.411194 
	C850.026123,538.445312 850.026123,584.009094 850.026123,630.003357 
	C847.287048,630.003357 845.318298,630.001648 843.349487,630.003601 
	C799.546448,630.046814 755.743469,630.090454 711.490051,630.083740 
	C707.998718,630.055115 704.957825,630.076721 701.916870,630.098328 
z"/>
<path fill="#F4F4DB" opacity="1.000000" stroke="none" 
	d="
M497.774780,638.649719 
	C496.445068,641.019165 495.498688,640.239075 494.440186,638.359558 
	C492.320679,634.595825 490.083984,630.897949 487.886444,627.178284 
	C458.391876,577.254211 428.894409,527.331909 399.405914,477.404297 
	C398.504486,475.878052 397.691925,474.299347 396.441467,472.023499 
	C462.787689,472.023499 528.444092,472.023499 594.657104,472.358887 
	C593.542419,475.751465 591.871033,478.808685 589.971619,482.136292 
	C588.112854,485.225250 586.482178,488.043793 584.587402,491.080627 
	C569.243408,516.965637 554.151062,542.625122 539.087158,568.301270 
	C526.046265,590.529236 513.037659,612.776123 499.781006,635.217224 
	C498.956390,636.496460 498.365570,637.573059 497.774780,638.649719 
z"/>
<path fill="#F4F4DC" opacity="1.000000" stroke="none" 
	d="
M224.833466,630.177612 
	C219.907715,630.177612 214.981964,630.177612 209.253006,630.177612 
	C210.120605,628.509705 210.549332,627.685486 211.058487,626.425964 
	C211.138916,625.990662 211.034729,626.087769 211.328552,625.939392 
	C211.918655,625.203979 212.214920,624.616882 212.768646,623.836792 
	C217.993942,615.082825 222.961761,606.521851 228.076538,597.733643 
	C228.316727,597.351746 228.409958,597.197205 228.726501,596.931519 
	C229.103195,596.354614 229.256561,595.888916 229.409927,595.423279 
	C254.643387,552.731995 279.876129,510.040314 305.112610,467.350800 
	C306.200348,465.510834 307.322357,463.691071 308.764709,461.305725 
	C311.439941,465.759888 313.891235,469.841187 316.661499,474.425171 
	C319.351685,478.934326 321.722900,482.940796 324.180054,487.279144 
	C324.742737,488.294128 325.267273,488.949066 325.689484,489.664398 
	C349.812073,530.532959 373.932098,571.403076 398.034180,612.283752 
	C401.370605,617.942810 404.614044,623.656677 408.280487,630.002930 
	C405.369324,630.002930 403.394043,630.001892 401.418762,630.003052 
	C347.597137,630.034790 293.775513,630.066772 239.491150,630.062134 
	C234.296738,630.076233 229.565109,630.126892 224.833466,630.177612 
z"/>
<path fill="#F4F4DB" opacity="1.000000" stroke="none" 
	d="
M961.623779,570.078613 
	C973.257507,581.895325 984.900513,593.702942 996.513367,605.540100 
	C998.013733,607.069458 999.358276,608.751831 1000.536377,610.556641 
	C998.942566,611.656982 997.443726,612.406738 996.253418,613.494202 
	C970.970215,636.593384 929.970398,640.746094 900.662964,623.181274 
	C899.004272,622.187195 897.104858,621.594543 895.317505,620.815063 
	C885.982239,612.881287 876.949219,604.671204 870.384521,593.379700 
	C866.987305,584.957336 863.916321,577.060852 860.876465,568.756042 
	C857.789978,556.516296 858.338806,544.679626 860.919861,532.464111 
	C863.651489,524.722168 866.319824,517.356201 868.988220,509.990295 
	C876.172852,499.789764 883.946045,490.246399 894.288879,482.878967 
	C925.388855,460.725464 970.514893,463.745453 998.051575,490.162994 
	C998.883118,490.960754 999.245117,492.247803 999.360718,493.633057 
	C980.058228,513.101379 961.221008,532.243286 942.008240,551.766846 
	C945.266724,554.525574 948.513550,557.274414 951.855713,560.356689 
	C955.175232,563.819641 958.399475,566.949158 961.623779,570.078613 
z"/>
<path fill="#F4F4DB" opacity="1.000000" stroke="none" 
	d="
M63.720482,630.391357 
	C60.588734,630.391357 57.456985,630.391357 54.063286,630.391357 
	C54.063286,577.522522 54.063286,525.146545 54.063286,472.158081 
	C55.850838,472.158081 57.623009,472.158051 59.395184,472.158051 
	C81.873039,472.158051 104.356956,472.487549 126.827217,472.074249 
	C154.617447,471.563141 177.402359,481.534363 195.194885,502.899719 
	C196.259033,504.177521 197.424774,505.370697 198.664001,507.253052 
	C199.398163,509.074921 199.961365,510.276581 200.632263,511.414795 
	C218.583313,541.868835 213.904922,581.136169 189.103821,606.311401 
	C173.667252,621.980835 154.872696,630.012695 132.781326,630.107239 
	C113.141426,630.191345 93.501656,630.308716 73.416580,630.324890 
	C69.887711,630.289307 66.804092,630.340332 63.720482,630.391357 
M88.290085,543.070007 
	C82.310280,545.378540 79.504509,549.696716 79.563637,556.144104 
	C79.678276,568.642578 79.484749,581.144470 79.653748,593.641785 
	C79.767372,602.043945 83.896294,606.418823 92.295029,606.517334 
	C111.291458,606.740234 130.293930,606.737793 149.290543,606.524475 
	C157.805145,606.428894 162.022980,601.731506 162.051208,593.247131 
	C162.091110,581.247742 161.829239,569.241882 162.150482,557.250916 
	C162.341354,550.126770 159.518570,545.466309 152.985260,541.947205 
	C152.669785,537.158813 152.599777,532.339111 151.992447,527.588013 
	C150.231750,513.814453 138.664795,502.612396 124.881744,501.062195 
	C110.130707,499.403168 95.481552,507.605103 91.315338,521.230225 
	C89.238083,528.023621 89.655083,535.579590 88.290085,543.070007 
z"/>
<path fill="#F4F4DB" opacity="1.000000" stroke="none" 
	d="
M606.854797,630.184570 
	C603.711914,630.184509 600.569031,630.184509 596.802856,630.184509 
	C596.802856,595.532959 596.802856,561.280823 596.875244,526.104736 
	C596.900818,516.504150 596.853882,507.827576 596.909119,498.703125 
	C596.879517,496.128174 596.747742,494.001129 596.696594,491.428986 
	C596.753296,487.916626 596.729370,484.849365 596.754639,481.345184 
	C596.932007,477.962494 597.060181,475.016693 597.188416,472.070892 
	C624.159241,472.070892 651.130127,472.070892 678.907532,472.070892 
	C678.907532,475.255432 678.907532,478.164978 678.898804,481.974487 
	C678.947754,485.906250 679.005554,488.938049 679.009705,492.438202 
	C678.956055,538.444824 678.956055,583.983093 678.956055,630.190186 
	C657.786133,630.190186 637.352661,630.190186 616.470093,630.124756 
	C612.965576,630.101013 609.910217,630.142761 606.854797,630.184570 
z"/>
<path fill="#4B4B43" opacity="1.000000" stroke="none" 
	d="
M227.929596,597.960938 
	C222.961761,606.521851 217.993942,615.082825 212.448456,623.985962 
	C211.592087,624.914673 211.313400,625.501221 211.034729,626.087769 
	C211.034729,626.087769 211.138916,625.990662 211.196854,626.033264 
	C209.764877,626.931763 208.051865,627.545349 206.819016,628.680359 
	C192.010971,642.314148 174.692062,649.869873 154.471130,650.011108 
	C129.145203,650.188110 103.817268,650.078796 78.490196,650.073120 
	C77.194664,650.072815 75.899178,649.884460 73.841339,649.724243 
	C73.841339,646.759766 73.841339,643.990417 74.314667,640.704956 
	C96.427544,640.161438 118.067467,640.196045 139.706329,640.061340 
	C144.839569,640.029419 150.016586,639.762451 155.093216,639.039856 
	C206.180557,631.768372 236.527878,574.567139 214.056046,528.065857 
	C212.420227,524.680847 210.876816,521.251221 209.290436,517.842346 
	C212.270935,521.062195 215.784210,523.935303 218.142746,527.559875 
	C230.589066,546.686951 234.491989,567.452698 229.250351,589.808350 
	C228.852341,591.505920 228.884811,593.304382 229.063538,595.239624 
	C229.256561,595.888916 229.103195,596.354614 228.507751,597.018921 
	C227.914108,597.224060 227.762543,597.230530 227.610977,597.237061 
	C227.717178,597.478333 227.823395,597.719666 227.929596,597.960938 
z"/>
<path fill="#4A4A42" opacity="1.000000" stroke="none" 
	d="
M326.999695,484.149597 
	C327.490784,483.313324 327.981842,482.476990 328.786285,481.107025 
	C361.997894,537.387085 394.930389,593.194214 428.224884,649.614746 
	C361.844330,649.614746 296.211212,649.614746 229.582275,649.614746 
	C231.397903,646.393921 232.977707,643.591492 234.995880,640.432861 
	C235.635574,640.034180 235.836868,639.991638 236.503174,639.968262 
	C297.156677,639.987488 357.345215,639.987488 418.255768,639.987488 
	C416.699463,637.197815 415.697998,635.309814 414.612671,633.471375 
	C401.830322,611.819397 389.049347,590.166687 376.240356,568.530518 
	C359.785614,540.735962 343.305695,512.956299 326.869904,484.913879 
	C326.935333,484.488220 326.967499,484.318909 326.999695,484.149597 
z"/>
<path fill="#A0A08F" opacity="1.000000" stroke="none" 
	d="
M209.040375,517.614136 
	C210.876816,521.251221 212.420227,524.680847 214.056046,528.065857 
	C236.527878,574.567139 206.180557,631.768372 155.093216,639.039856 
	C150.016586,639.762451 144.839569,640.029419 139.706329,640.061340 
	C118.067467,640.196045 96.427544,640.161438 74.313713,640.267822 
	C73.839424,640.346924 73.804390,640.243530 73.865379,639.742981 
	C73.904854,636.298767 73.883339,633.355103 73.861832,630.411438 
	C93.501656,630.308716 113.141426,630.191345 132.781326,630.107239 
	C154.872696,630.012695 173.667252,621.980835 189.103821,606.311401 
	C213.904922,581.136169 218.583313,541.868835 200.632263,511.414795 
	C199.961365,510.276581 199.398163,509.074921 198.832458,507.542419 
	C202.183533,510.583282 205.486908,513.984619 209.040375,517.614136 
z"/>
<path fill="#4A4A42" opacity="1.000000" stroke="none" 
	d="
M596.807007,499.151001 
	C596.853882,507.827576 596.900818,516.504150 596.834473,525.644531 
	C593.167603,531.397522 589.343079,536.526367 586.104004,542.001648 
	C563.666138,579.930359 541.353210,617.933044 518.981995,655.901306 
	C518.160889,657.294800 517.151855,658.577637 515.960327,660.303162 
	C513.031128,656.281860 510.383636,652.647400 507.444946,648.748413 
	C507.438477,647.992554 507.723206,647.501160 508.263641,646.789185 
	C536.870911,598.548462 565.215271,550.524109 593.612915,502.531342 
	C594.382874,501.230133 595.729370,500.270111 596.807007,499.151001 
z"/>
<path fill="#4A4A42" opacity="1.000000" stroke="none" 
	d="
M860.845215,569.164429 
	C863.916321,577.060852 866.987305,584.957336 870.079407,593.190613 
	C870.100525,612.115662 870.100525,630.703857 870.100525,649.643921 
	C817.343262,649.643921 765.197449,649.643921 712.047363,649.643921 
	C712.047363,646.832153 712.047363,643.938171 712.016724,640.479736 
	C711.986084,639.915344 712.036438,639.684631 712.494019,639.782959 
	C761.066650,639.916321 809.181763,639.953552 857.296814,639.967224 
	C858.072632,639.967468 858.848572,639.680847 860.000000,639.454163 
	C860.000000,637.452454 860.000000,635.650696 860.000000,633.848999 
	C860.000000,614.036255 859.978821,594.223450 860.036621,574.410889 
	C860.041748,572.661316 860.563477,570.913208 860.845215,569.164429 
z"/>
<path fill="#4A4A42" opacity="1.000000" stroke="none" 
	d="
M691.608398,492.019409 
	C692.028503,524.117004 692.095093,556.248901 692.143555,588.380798 
	C692.164124,602.014099 692.146973,615.647400 692.146973,630.002991 
	C694.342712,630.002991 696.256165,630.002991 698.614502,630.069946 
	C699.059448,636.448608 699.059448,642.760376 699.059448,649.534546 
	C671.616028,649.534546 644.618042,649.534546 616.917725,649.534546 
	C616.917725,646.705078 616.917725,643.938599 616.940918,640.605225 
	C616.964111,640.038330 617.009827,639.788086 617.472351,639.865967 
	C641.473450,639.943909 665.012085,639.943909 688.682861,639.943909 
	C688.794678,637.875427 688.927002,636.566040 688.927307,635.256653 
	C688.937866,589.010803 688.940002,542.764893 688.918884,496.519043 
	C688.918213,495.036072 688.662659,493.553253 688.661621,492.038147 
	C688.797424,492.005981 689.075928,491.989044 689.075928,491.989044 
	C689.799805,492.010620 690.523621,492.032196 691.608398,492.019409 
z"/>
<path fill="#9F9F8E" opacity="1.000000" stroke="none" 
	d="
M895.305176,621.152161 
	C897.104858,621.594543 899.004272,622.187195 900.662964,623.181274 
	C929.970398,640.746094 970.970215,636.593384 996.253418,613.494202 
	C997.443726,612.406738 998.942566,611.656982 1000.647949,610.875000 
	C1004.085327,614.082336 1007.172607,617.164673 1009.921509,620.645264 
	C1008.384521,621.931458 1007.141052,622.765137 1005.994141,623.715454 
	C981.626831,643.905090 954.368225,649.246826 924.353638,639.195435 
	C917.797913,637.000122 911.659363,633.558960 905.328735,630.691589 
	C901.983459,627.624146 898.638184,624.556702 895.305176,621.152161 
z"/>
<path fill="#4B4B43" opacity="1.000000" stroke="none" 
	d="
M961.976501,570.005615 
	C958.399475,566.949158 955.175232,563.819641 952.198730,560.276978 
	C969.962341,542.472778 987.468994,525.072388 1005.011780,507.708405 
	C1006.397461,506.336853 1008.033142,505.217834 1009.552673,503.981445 
	C1013.041748,506.409576 1016.530823,508.837677 1020.099182,511.321014 
	C1000.543701,531.161377 981.436462,550.546936 961.976501,570.005615 
z"/>
<path fill="#4A4A42" opacity="1.000000" stroke="none" 
	d="
M905.310303,631.042175 
	C911.659363,633.558960 917.797913,637.000122 924.353638,639.195435 
	C954.368225,649.246826 981.626831,643.905090 1005.994141,623.715454 
	C1007.141052,622.765137 1008.384521,621.931458 1009.950562,621.007690 
	C1013.587463,623.636108 1016.856873,626.300293 1020.515137,629.281372 
	C1014.002991,636.550354 1006.720459,641.731689 998.610168,645.424805 
	C967.246521,659.706482 937.570801,656.650330 909.912170,635.878052 
	C908.209534,634.599365 906.824585,632.897644 905.310303,631.042175 
z"/>
<path fill="#A0A08F" opacity="1.000000" stroke="none" 
	d="
M1009.598145,503.592407 
	C1008.033142,505.217834 1006.397461,506.336853 1005.011780,507.708405 
	C987.468994,525.072388 969.962341,542.472778 952.103394,559.943604 
	C948.513550,557.274414 945.266724,554.525574 942.008240,551.766846 
	C961.221008,532.243286 980.058228,513.101379 999.217651,493.975525 
	C1002.907715,497.062225 1006.275635,500.132812 1009.598145,503.592407 
z"/>
<path fill="#4B4B43" opacity="1.000000" stroke="none" 
	d="
M868.767883,509.685547 
	C866.319824,517.356201 863.651489,524.722168 860.641357,532.170593 
	C860.198242,530.276978 860.028931,528.301636 860.006592,526.324585 
	C859.877869,514.896973 859.783875,503.469025 859.792725,492.014465 
	C859.907349,491.987701 860.142395,491.976013 860.142395,491.976013 
	C863.123962,491.976013 866.105469,491.976013 870.549744,491.976013 
	C869.797546,497.098236 869.097534,501.637482 868.487793,506.188812 
	C868.348145,507.231445 868.519409,508.315735 868.767883,509.685547 
M862.332214,509.955322 
	C863.621704,510.680359 864.911194,511.405426 866.200684,512.130432 
	C866.375610,511.600464 866.550537,511.070435 866.725525,510.540436 
	C865.401550,510.154663 864.077637,509.768921 862.332214,509.955322 
z"/>
<path fill="#7A7A6D" opacity="1.000000" stroke="none" 
	d="
M236.038162,639.949036 
	C235.836868,639.991638 235.635574,640.034180 235.131287,640.135864 
	C229.972473,640.195129 225.116669,640.195129 219.226730,640.195129 
	C221.390152,636.379333 222.978363,633.578064 224.700012,630.477173 
	C229.565109,630.126892 234.296738,630.076233 239.474823,630.415161 
	C238.626892,633.852905 237.332520,636.900940 236.038162,639.949036 
z"/>
<path fill="#7A7A6D" opacity="1.000000" stroke="none" 
	d="
M701.995483,630.542847 
	C704.957825,630.076721 707.998718,630.055115 711.516724,630.520630 
	C712.007996,633.900024 712.022217,636.792297 712.036438,639.684631 
	C712.036438,639.684631 711.986084,639.915344 711.981689,640.033325 
	C708.912659,640.151367 705.848022,640.151367 702.074097,640.151367 
	C702.074097,636.731628 702.074097,633.859497 701.995483,630.542847 
z"/>
<path fill="#7A7A6D" opacity="1.000000" stroke="none" 
	d="
M606.844727,630.632263 
	C609.910217,630.142761 612.965576,630.101013 616.483887,630.560303 
	C616.967834,633.970276 616.988831,636.879211 617.009827,639.788086 
	C617.009827,639.788086 616.964111,640.038330 616.958740,640.165405 
	C613.848145,640.128113 610.742981,639.963623 606.834656,639.756592 
	C606.834656,636.847839 606.834656,633.963928 606.844727,630.632263 
z"/>
<path fill="#7A7A6D" opacity="1.000000" stroke="none" 
	d="
M73.416580,630.324890 
	C73.883339,633.355103 73.904854,636.298767 73.898285,639.699402 
	C70.787643,640.156372 67.705086,640.156372 63.714352,640.156372 
	C63.714352,636.984802 63.714352,634.123596 63.717415,630.826904 
	C66.804092,630.340332 69.887711,630.289307 73.416580,630.324890 
z"/>
<path fill="#7A7A6D" opacity="1.000000" stroke="none" 
	d="
M679.063354,491.969849 
	C679.005554,488.938049 678.947754,485.906250 678.959839,482.423798 
	C682.082031,481.973145 685.134399,481.973145 688.946411,481.973145 
	C688.946411,485.376526 688.946411,488.231934 689.011169,491.538177 
	C689.075928,491.989044 688.797424,492.005981 688.245117,492.030426 
	C684.816284,492.026520 681.939819,491.998199 679.063354,491.969849 
z"/>
<path fill="#7A7A6D" opacity="1.000000" stroke="none" 
	d="
M850.132080,491.940918 
	C850.080872,488.903534 850.029602,485.866150 850.036682,482.374176 
	C853.158508,482.053589 856.222046,482.187592 860.032288,482.354248 
	C860.032288,485.345337 860.032288,488.208588 860.087341,491.523926 
	C860.142395,491.976013 859.907349,491.987701 859.365234,492.010315 
	C855.926086,492.002228 853.029114,491.971588 850.132080,491.940918 
z"/>
<path fill="#7A7A6D" opacity="1.000000" stroke="none" 
	d="
M326.695740,483.972351 
	C326.967499,484.318909 326.935333,484.488220 326.636841,485.072754 
	C325.611725,485.974396 324.852905,486.460815 324.094116,486.947266 
	C321.722900,482.940796 319.351685,478.934326 316.979980,474.581177 
	C317.526428,473.505737 318.073425,472.776978 318.951263,471.607361 
	C321.607178,475.957794 323.999481,479.876434 326.695740,483.972351 
z"/>
<path fill="#7A7A6D" opacity="1.000000" stroke="none" 
	d="
M508.007965,647.009827 
	C507.723206,647.501160 507.438477,647.992554 507.089966,648.762207 
	C506.108368,648.861755 504.725739,649.001099 504.349731,648.451660 
	C502.248016,645.380493 500.389709,642.142822 498.111511,638.805908 
	C498.365570,637.573059 498.956390,636.496460 500.046387,635.420044 
	C503.033020,639.283508 505.520508,643.146667 508.007965,647.009827 
z"/>
<path fill="#020202" opacity="1.000000" stroke="none" 
	d="
M596.831116,472.048248 
	C597.060181,475.016693 596.932007,477.962494 596.349365,481.387024 
	C593.996521,481.865814 592.098083,481.865875 590.199646,481.865906 
	C591.871033,478.808685 593.542419,475.751465 595.128113,472.339966 
	C595.519531,471.998993 595.996704,472.012299 596.831116,472.048248 
z"/>
<path fill="#A0A08F" opacity="1.000000" stroke="none" 
	d="
M850.079102,492.411194 
	C853.029114,491.971588 855.926086,492.002228 859.250549,492.037048 
	C859.783875,503.469025 859.877869,514.896973 860.006592,526.324585 
	C860.028931,528.301636 860.198242,530.276978 860.578125,532.546631 
	C858.338806,544.679626 857.789978,556.516296 860.876404,568.756042 
	C860.563477,570.913208 860.041748,572.661316 860.036621,574.410889 
	C859.978821,594.223450 860.000000,614.036255 860.000000,633.848999 
	C860.000000,635.650696 860.000000,637.452454 860.000000,639.454163 
	C858.848572,639.680847 858.072632,639.967468 857.296814,639.967224 
	C809.181763,639.953552 761.066650,639.916321 712.494019,639.782959 
	C712.022217,636.792297 712.007996,633.900024 711.967102,630.570862 
	C755.743469,630.090454 799.546448,630.046814 843.349487,630.003601 
	C845.318298,630.001648 847.287048,630.003357 850.026123,630.003357 
	C850.026123,584.009094 850.026123,538.445312 850.079102,492.411194 
z"/>
<path fill="#9F9F8E" opacity="1.000000" stroke="none" 
	d="
M508.263641,646.789185 
	C505.520508,643.146667 503.033020,639.283508 500.280182,635.217529 
	C513.037659,612.776123 526.046265,590.529236 539.087158,568.301270 
	C554.151062,542.625122 569.243408,516.965637 584.880737,491.388489 
	C589.164001,491.610046 592.889954,491.742065 596.615967,491.874084 
	C596.747742,494.001129 596.879517,496.128174 596.909119,498.703125 
	C595.729370,500.270111 594.382874,501.230133 593.612915,502.531342 
	C565.215271,550.524109 536.870911,598.548462 508.263641,646.789185 
z"/>
<path fill="#7A7A6D" opacity="1.000000" stroke="none" 
	d="
M596.696594,491.429016 
	C592.889954,491.742065 589.164001,491.610046 585.144714,491.170166 
	C586.482178,488.043793 588.112854,485.225250 589.971619,482.136322 
	C592.098083,481.865875 593.996521,481.865814 596.300171,481.823914 
	C596.729370,484.849365 596.753296,487.916626 596.696594,491.429016 
z"/>
<path fill="#A0A08F" opacity="1.000000" stroke="none" 
	d="
M324.180054,487.279114 
	C324.852905,486.460815 325.611725,485.974396 326.603577,485.329102 
	C343.305695,512.956299 359.785614,540.735962 376.240356,568.530518 
	C389.049347,590.166687 401.830322,611.819397 414.612671,633.471375 
	C415.697998,635.309814 416.699463,637.197815 418.255768,639.987488 
	C357.345215,639.987488 297.156677,639.987488 236.503174,639.968262 
	C237.332520,636.900940 238.626892,633.852905 239.937592,630.451782 
	C293.775513,630.066772 347.597137,630.034790 401.418762,630.003052 
	C403.394043,630.001892 405.369324,630.002930 408.280487,630.002930 
	C404.614044,623.656677 401.370605,617.942810 398.034180,612.283752 
	C373.932098,571.403076 349.812073,530.532959 325.689484,489.664398 
	C325.267273,488.949066 324.742737,488.294128 324.180054,487.279114 
z"/>
<path fill="#000000" opacity="1.000000" stroke="none" 
	d="
M211.328552,625.939392 
	C211.313400,625.501221 211.592087,624.914673 212.190979,624.178955 
	C212.214920,624.616882 211.918655,625.203979 211.328552,625.939392 
z"/>
<path fill="#000000" opacity="1.000000" stroke="none" 
	d="
M228.076538,597.733643 
	C227.823395,597.719666 227.717178,597.478333 227.610977,597.237061 
	C227.762543,597.230530 227.914108,597.224060 228.284424,597.130127 
	C228.409958,597.197205 228.316727,597.351746 228.076538,597.733643 
z"/>
<path fill="#020202" opacity="1.000000" stroke="none" 
	d="
M153.023209,542.855713 
	C159.518570,545.466309 162.341354,550.126770 162.150482,557.250916 
	C161.829239,569.241882 162.091110,581.247742 162.051208,593.247131 
	C162.022980,601.731506 157.805145,606.428894 149.290543,606.524475 
	C130.293930,606.737793 111.291458,606.740234 92.295029,606.517334 
	C83.896294,606.418823 79.767372,602.043945 79.653748,593.641785 
	C79.484749,581.144470 79.678276,568.642578 79.563637,556.144104 
	C79.504509,549.696716 82.310280,545.378540 89.079208,542.932190 
	C93.923203,542.605164 97.978065,542.415955 102.488373,542.339844 
	C115.284630,542.361145 127.625450,542.269348 140.345947,542.316162 
	C144.824814,542.588379 148.924011,542.722046 153.023209,542.855713 
z"/>
<path fill="#AAB7BF" opacity="1.000000" stroke="none" 
	d="
M102.032936,542.226746 
	C97.978065,542.415955 93.923203,542.605164 89.406082,542.792480 
	C89.655083,535.579590 89.238083,528.023621 91.315338,521.230225 
	C95.481552,507.605103 110.130707,499.403168 124.881744,501.062195 
	C138.664795,502.612396 150.231750,513.814453 151.992447,527.588013 
	C152.599777,532.339111 152.669785,537.158813 153.004242,542.401489 
	C148.924011,542.722046 144.824814,542.588379 140.358688,541.843140 
	C139.991745,538.410889 140.131500,535.582031 139.966232,532.771118 
	C139.407837,523.273743 132.707535,515.362305 124.261017,514.074219 
	C114.822365,512.634827 105.723885,517.396729 102.996490,526.497131 
	C101.528152,531.396545 102.281815,536.961853 102.032936,542.226746 
z"/>
<path fill="#9F9F8E" opacity="1.000000" stroke="none" 
	d="
M679.009705,492.438202 
	C681.939819,491.998199 684.816284,492.026520 688.109314,492.062622 
	C688.662659,493.553253 688.918213,495.036072 688.918884,496.519043 
	C688.940002,542.764893 688.937866,589.010803 688.927307,635.256653 
	C688.927002,636.566040 688.794678,637.875427 688.682861,639.943909 
	C665.012085,639.943909 641.473450,639.943909 617.472351,639.865967 
	C616.988831,636.879211 616.967834,633.970276 616.932983,630.625793 
	C637.352661,630.190186 657.786133,630.190186 678.956055,630.190186 
	C678.956055,583.983093 678.956055,538.444824 679.009705,492.438202 
z"/>
<path fill="#000000" opacity="1.000000" stroke="none" 
	d="
M862.542969,509.669250 
	C864.077637,509.768921 865.401550,510.154663 866.725525,510.540436 
	C866.550537,511.070435 866.375610,511.600464 866.200684,512.130432 
	C864.911194,511.405426 863.621704,510.680359 862.542969,509.669250 
z"/>
<path fill="#F4F4DC" opacity="1.000000" stroke="none" 
	d="
M102.488373,542.339844 
	C102.281815,536.961853 101.528152,531.396545 102.996490,526.497131 
	C105.723885,517.396729 114.822365,512.634827 124.261017,514.074219 
	C132.707535,515.362305 139.407837,523.273743 139.966232,532.771118 
	C140.131500,535.582031 139.991745,538.410889 139.979004,541.704590 
	C127.625450,542.269348 115.284630,542.361145 102.488373,542.339844 
z"/>
</svg>